SOURCE_BBOX=9.155802,45.140027700000005,9.255802000000001,45.2400277
DEST_BBOX=9.1906637,45.4203978,9.290663700000001,45.5203978
MIDDLE_BBOX=9.115802,45.1000277,9.1506637,45.3803978
START_LAT=45.1900277
START_LON=9.205802
END_LAT=45.4703978
END_LON=9.2406637
