SOURCE_BBOX=7.5785282,44.9766255,7.7585282,45.156625500000004
DEST_BBOX=7.553730693735731,44.975626,7.808389106264269,45.155626000000005
MIDDLE_BBOX=7.5785282,44.975626,7.7710599,45.156625500000004
START_LAT=45.0666255
START_LON=7.6685282
END_LAT=45.065626
END_LON=7.6810599
